ETTh1_336'_'96_DLinear_ETTh1_ftM_sl336_ll48_pl96_dm512_nh8_el2_dl1_df2048_fc1_ebtimeF_dtTrue_'Exp'_0  
mse:0.3840945363044739, mae:0.4046996533870697, rse:0.5886712670326233, corr:[0.26982418 0.27346575 0.2738926  0.27471268 0.27513143 0.27094188
 0.2693481  0.2680307  0.26741445 0.26796016 0.2687042  0.2696533
 0.27150777 0.26983932 0.2713484  0.2712196  0.27242038 0.27231857
 0.2720952  0.27150157 0.27195215 0.2732001  0.2706086  0.27286732
 0.26966372 0.26912227 0.27046156 0.2701833  0.26767522 0.2661966
 0.26514658 0.26503703 0.26753014 0.268456   0.2680142  0.26823232
 0.26828787 0.26870352 0.26911682 0.26850495 0.26976082 0.27035093
 0.27004984 0.2689618  0.2702632  0.26812103 0.26758924 0.26660052
 0.26539794 0.26541537 0.26521635 0.26465657 0.26368082 0.26211348
 0.2612596  0.26127756 0.26214394 0.26356724 0.2641463  0.26342982
 0.26487836 0.26448834 0.2646077  0.2637318  0.26440066 0.2623412
 0.26088098 0.2614432  0.26063067 0.2585643  0.2584184  0.25866383
 0.25760448 0.25824174 0.25818342 0.2590263  0.25853473 0.258029
 0.2588646  0.25876847 0.2585072  0.25841597 0.258183   0.25770846
 0.2582676  0.25755376 0.25804073 0.2572784  0.25685132 0.255439
 0.25479886 0.2548534  0.2544391  0.25397894 0.25204805 0.25449815]

ETTh1_336'_'96_DLinear_ETTh1_ftM_sl336_ll48_pl96_dm512_nh8_el2_dl1_df2048_fc1_ebtimeF_dtTrue_'Exp'_0  
mse:0.3840945363044739, mae:0.4046996533870697, rse:0.5886712670326233, corr:[0.26982418 0.27346575 0.2738926  0.27471268 0.27513143 0.27094188
 0.2693481  0.2680307  0.26741445 0.26796016 0.2687042  0.2696533
 0.27150777 0.26983932 0.2713484  0.2712196  0.27242038 0.27231857
 0.2720952  0.27150157 0.27195215 0.2732001  0.2706086  0.27286732
 0.26966372 0.26912227 0.27046156 0.2701833  0.26767522 0.2661966
 0.26514658 0.26503703 0.26753014 0.268456   0.2680142  0.26823232
 0.26828787 0.26870352 0.26911682 0.26850495 0.26976082 0.27035093
 0.27004984 0.2689618  0.2702632  0.26812103 0.26758924 0.26660052
 0.26539794 0.26541537 0.26521635 0.26465657 0.26368082 0.26211348
 0.2612596  0.26127756 0.26214394 0.26356724 0.2641463  0.26342982
 0.26487836 0.26448834 0.2646077  0.2637318  0.26440066 0.2623412
 0.26088098 0.2614432  0.26063067 0.2585643  0.2584184  0.25866383
 0.25760448 0.25824174 0.25818342 0.2590263  0.25853473 0.258029
 0.2588646  0.25876847 0.2585072  0.25841597 0.258183   0.25770846
 0.2582676  0.25755376 0.25804073 0.2572784  0.25685132 0.255439
 0.25479886 0.2548534  0.2544391  0.25397894 0.25204805 0.25449815]

ETTh1_336'_'96_DLinear_ETTh1_ftM_sl336_ll48_pl96_dm512_nh8_el2_dl1_df2048_fc1_ebtimeF_dtTrue_'Exp'_0  
mse:0.3840945363044739, mae:0.4046996533870697, rse:0.5886712670326233, corr:[0.26982418 0.27346575 0.2738926  0.27471268 0.27513143 0.27094188
 0.2693481  0.2680307  0.26741445 0.26796016 0.2687042  0.2696533
 0.27150777 0.26983932 0.2713484  0.2712196  0.27242038 0.27231857
 0.2720952  0.27150157 0.27195215 0.2732001  0.2706086  0.27286732
 0.26966372 0.26912227 0.27046156 0.2701833  0.26767522 0.2661966
 0.26514658 0.26503703 0.26753014 0.268456   0.2680142  0.26823232
 0.26828787 0.26870352 0.26911682 0.26850495 0.26976082 0.27035093
 0.27004984 0.2689618  0.2702632  0.26812103 0.26758924 0.26660052
 0.26539794 0.26541537 0.26521635 0.26465657 0.26368082 0.26211348
 0.2612596  0.26127756 0.26214394 0.26356724 0.2641463  0.26342982
 0.26487836 0.26448834 0.2646077  0.2637318  0.26440066 0.2623412
 0.26088098 0.2614432  0.26063067 0.2585643  0.2584184  0.25866383
 0.25760448 0.25824174 0.25818342 0.2590263  0.25853473 0.258029
 0.2588646  0.25876847 0.2585072  0.25841597 0.258183   0.25770846
 0.2582676  0.25755376 0.25804073 0.2572784  0.25685132 0.255439
 0.25479886 0.2548534  0.2544391  0.25397894 0.25204805 0.25449815]

ETTh1_336'_'96_NLinear_ETTh1_ftM_sl336_ll48_pl96_dm512_nh8_el2_dl1_df2048_fc1_ebtimeF_dtTrue_'Exp'_0  
mse:0.3736664354801178, mae:0.3942173421382904, rse:0.5806251764297485, corr:[0.27414656 0.27450553 0.27726772 0.27766103 0.27625498 0.27444696
 0.27155787 0.27262333 0.27218074 0.27301902 0.2729195  0.27301836
 0.27264285 0.2726626  0.27233946 0.27189276 0.2716951  0.27146977
 0.27138093 0.27143723 0.27089843 0.27090728 0.27056837 0.27102858
 0.27000257 0.26985088 0.27031443 0.26997706 0.26921234 0.26920435
 0.2686133  0.267945   0.26734686 0.26751912 0.26756114 0.26790395
 0.26793656 0.26839405 0.2684563  0.2673892  0.26750064 0.26852253
 0.26861694 0.26854715 0.26897112 0.2685976  0.26826838 0.26757088
 0.2671837  0.2668429  0.2665672  0.26636013 0.26532775 0.26467457
 0.26336554 0.26324642 0.2629607  0.26257333 0.26182982 0.26252282
 0.26252308 0.26221704 0.26165545 0.26202205 0.26161972 0.26322713
 0.2637602  0.26386067 0.26393923 0.26317966 0.2631482  0.2633647
 0.2628839  0.26153147 0.26108477 0.2603577  0.26002756 0.25952467
 0.25899312 0.25850594 0.25833324 0.25769672 0.25726664 0.25839785
 0.25815997 0.2573193  0.25680986 0.2572313  0.2564734  0.2569791
 0.2568208  0.25631115 0.25634792 0.25549635 0.25553116 0.25527695]

ETTh1_336'_'96_NLinear_ETTh1_ftM_sl336_ll48_pl96_dm512_nh8_el2_dl1_df2048_fc1_ebtimeF_dtTrue_'Exp'_0  
mse:0.3778260350227356, mae:0.39857274293899536, rse:0.5835018157958984, corr:[0.2721962  0.2724483  0.275718   0.27652085 0.27397403 0.27151173
 0.26965052 0.27019304 0.2698758  0.2691194  0.26913685 0.26840508
 0.26841652 0.26944464 0.2689803  0.26787445 0.2680752  0.26817325
 0.26746985 0.26668674 0.2663017  0.2663959  0.26554623 0.26591608
 0.2645507  0.26660815 0.2664892  0.26570982 0.2658642  0.26580545
 0.2662227  0.26519024 0.26478854 0.26258656 0.26118267 0.2631384
 0.2635212  0.2650838  0.264785   0.2657201  0.26569304 0.26598632
 0.26594493 0.26502702 0.2648925  0.26407787 0.26451132 0.26395723
 0.26344365 0.26277426 0.263757   0.2629678  0.2620526  0.26199606
 0.26098904 0.2607696  0.25976223 0.25928497 0.25845322 0.25883088
 0.2590489  0.25927117 0.25848266 0.25797203 0.2591205  0.2597784
 0.26000273 0.25958642 0.25946486 0.2593232  0.25945932 0.2592902
 0.2592973  0.2573071  0.25757143 0.25702342 0.25646672 0.25575104
 0.25456104 0.25425944 0.25334752 0.25216523 0.2525352  0.25353727
 0.2535023  0.25322226 0.25183657 0.25420544 0.25202036 0.25335863
 0.25399542 0.25334316 0.25190398 0.25057802 0.24934787 0.24903232]

ETTh1_336'_'96_Linear_ETTh1_ftM_sl336_ll48_pl96_dm512_nh8_el2_dl1_df2048_fc1_ebtimeF_dtTrue_'Exp'_0  
mse:0.37470924854278564, mae:0.3966924250125885, rse:0.5814347267150879, corr:[0.27483395 0.2755791  0.2777603  0.27880955 0.2766837  0.27501526
 0.27247715 0.27236184 0.27169055 0.2720506  0.27111402 0.2718489
 0.27162683 0.27263772 0.27310643 0.27326372 0.2730362  0.27272102
 0.27209848 0.27099988 0.26982766 0.2691933  0.26855725 0.2683749
 0.2691514  0.27010477 0.27087194 0.27032614 0.26971358 0.26883587
 0.268696   0.2672255  0.26723653 0.26704288 0.26757923 0.26792613
 0.2680939  0.26790118 0.2684549  0.26802716 0.26840562 0.26809523
 0.26786825 0.26843348 0.268736   0.26812226 0.26753438 0.26835093
 0.26767132 0.26759347 0.26659632 0.26499882 0.26345447 0.2630524
 0.26220828 0.26188192 0.2618218  0.26180348 0.26201522 0.2633612
 0.26334494 0.2625896  0.26229987 0.26245776 0.2627198  0.26257923
 0.26252112 0.26214322 0.2620479  0.2620586  0.26282728 0.2629922
 0.2625768  0.26106894 0.26001236 0.2592267  0.25872847 0.25819653
 0.25775385 0.25751358 0.25747046 0.25702912 0.25768915 0.25789502
 0.25748366 0.25622326 0.2566745  0.25729015 0.25682047 0.2571373
 0.25641373 0.25547427 0.2547713  0.25487673 0.25464344 0.25512004]

ETTh1_336'_'96_DLinear_ETTh1_ftM_sl336_ll48_pl96_dm512_nh8_el2_dl1_df2048_fc1_ebtimeF_dtTrue_'Exp'_0  
mse:0.3840945363044739, mae:0.4046996533870697, rse:0.5886712670326233, corr:[0.26982418 0.27346575 0.2738926  0.27471268 0.27513143 0.27094188
 0.2693481  0.2680307  0.26741445 0.26796016 0.2687042  0.2696533
 0.27150777 0.26983932 0.2713484  0.2712196  0.27242038 0.27231857
 0.2720952  0.27150157 0.27195215 0.2732001  0.2706086  0.27286732
 0.26966372 0.26912227 0.27046156 0.2701833  0.26767522 0.2661966
 0.26514658 0.26503703 0.26753014 0.268456   0.2680142  0.26823232
 0.26828787 0.26870352 0.26911682 0.26850495 0.26976082 0.27035093
 0.27004984 0.2689618  0.2702632  0.26812103 0.26758924 0.26660052
 0.26539794 0.26541537 0.26521635 0.26465657 0.26368082 0.26211348
 0.2612596  0.26127756 0.26214394 0.26356724 0.2641463  0.26342982
 0.26487836 0.26448834 0.2646077  0.2637318  0.26440066 0.2623412
 0.26088098 0.2614432  0.26063067 0.2585643  0.2584184  0.25866383
 0.25760448 0.25824174 0.25818342 0.2590263  0.25853473 0.258029
 0.2588646  0.25876847 0.2585072  0.25841597 0.258183   0.25770846
 0.2582676  0.25755376 0.25804073 0.2572784  0.25685132 0.255439
 0.25479886 0.2548534  0.2544391  0.25397894 0.25204805 0.25449815]

ETTh1_336'_'96_DLinear_ETTh1_ftM_sl336_ll48_pl96_dm512_nh8_el2_dl1_df2048_fc1_ebtimeF_dtTrue_'Exp'_0  
mse:0.37653666734695435, mae:0.3982248306274414, rse:0.5828508138656616, corr:[0.2725886  0.2749778  0.27639446 0.2763524  0.27520064 0.27344257
 0.27137572 0.2709399  0.27003178 0.27014297 0.2708044  0.27061453
 0.27004138 0.26953816 0.26938507 0.26898682 0.27013367 0.26977462
 0.26978847 0.2701368  0.26975343 0.26960725 0.26876497 0.2704311
 0.26851803 0.26922473 0.2693716  0.2692076  0.26949123 0.26917252
 0.26845092 0.26690173 0.2667837  0.2670586  0.2658324  0.26662335
 0.26680222 0.26737273 0.26807556 0.26764384 0.26811558 0.26848838
 0.2685195  0.26891968 0.2692219  0.26900285 0.2677615  0.26671204
 0.2670024  0.26694882 0.26675978 0.2656913  0.26366842 0.26405123
 0.262731   0.2626061  0.2621917  0.2619508  0.2617998  0.261489
 0.26137698 0.2608302  0.26157188 0.2617727  0.26191303 0.26182526
 0.26244837 0.26220995 0.26293126 0.2623982  0.26241902 0.26219088
 0.26161405 0.26008916 0.2596247  0.25887358 0.25895524 0.25874424
 0.25806636 0.25788715 0.2578242  0.25639132 0.25628448 0.25593287
 0.25603402 0.25557134 0.25628373 0.25583917 0.25547436 0.2558938
 0.25571498 0.25487444 0.2545927  0.25431284 0.25485653 0.25410765]

ETTh1_336'_'96_DLinear_ETTh1_ftM_sl96_ll48_pl96_dm512_nh8_el2_dl1_df2048_fc1_ebtimeF_dtTrue_'Exp'_0  
mse:0.38738879561424255, mae:0.4003600776195526, rse:0.5911902785301208, corr:[0.2720827  0.27096814 0.27298442 0.27142414 0.27047694 0.26756683
 0.26503113 0.2656499  0.26539606 0.26548687 0.26450852 0.26538974
 0.26553863 0.26490316 0.2645699  0.26479998 0.2647521  0.2652087
 0.26396528 0.26416627 0.26444    0.26436806 0.265413   0.26553145
 0.26393786 0.26385272 0.26383162 0.26254472 0.26252854 0.26224786
 0.2610773  0.2619438  0.26060215 0.2612584  0.2614158  0.26038343
 0.2617107  0.26032516 0.2599197  0.26058474 0.26094866 0.26070604
 0.26193523 0.2613783  0.2617015  0.26162532 0.26172775 0.2620923
 0.26291537 0.26143906 0.26026917 0.2584013  0.2572304  0.25692308
 0.25595292 0.25573885 0.2552198  0.25507572 0.2550595  0.25490093
 0.25406742 0.25410816 0.25436297 0.2536827  0.25384673 0.254014
 0.25401002 0.25450268 0.254453   0.25475276 0.25413758 0.25553095
 0.25371328 0.25186944 0.2518671  0.25088015 0.25036347 0.24978001
 0.24980347 0.24910152 0.24839504 0.2487803  0.24895208 0.24874383
 0.24876536 0.24837273 0.24891216 0.24863052 0.2482341  0.2480135
 0.24851842 0.24880266 0.24839044 0.24854998 0.24870461 0.24915545]

ETTh1_336'_'96_DLinear_ETTh1_ftM_sl96_ll48_pl96_dm512_nh8_el2_dl1_df2048_fc1_ebtimeF_dtTrue_'Exp'_0  
mse:0.38757652044296265, mae:0.40044742822647095, rse:0.5909830331802368, corr:[0.26970196 0.2687305  0.2715971  0.26876202 0.26785183 0.26466927
 0.26152617 0.262313   0.26218393 0.26217273 0.26052168 0.26211664
 0.26215956 0.26107746 0.26091352 0.2616118  0.26071674 0.26151302
 0.25952196 0.25977194 0.26013032 0.2600901  0.26126784 0.26195654
 0.2602195  0.26084325 0.26022977 0.25845453 0.25914824 0.25905335
 0.2570501  0.25832793 0.2566859  0.25694296 0.25720358 0.25629643
 0.2578516  0.25663912 0.25646257 0.2571133  0.25756252 0.2570351
 0.25874355 0.2581084  0.25828356 0.25863898 0.25880167 0.258845
 0.2604618  0.25894618 0.25644442 0.25420558 0.25252303 0.2525062
 0.2518397  0.2518091  0.2518282  0.25118485 0.2510108  0.25184426
 0.24993673 0.25079432 0.25152004 0.25051567 0.25044292 0.25077668
 0.25008267 0.25101846 0.25036046 0.25084263 0.24993005 0.25238168
 0.25005624 0.24810246 0.24887897 0.24739167 0.2460361  0.24552225
 0.24563442 0.2448121  0.24408701 0.24429774 0.2450482  0.24500674
 0.24493137 0.24416722 0.2456057  0.24507101 0.24441437 0.24411279
 0.24495679 0.24541944 0.24439718 0.24479459 0.24549396 0.2462949 ]

ETTh1_336'_'96_DLinear_ETTh1_ftM_sl96_ll48_pl96_dm512_nh8_el2_dl1_df2048_fc1_ebtimeF_dtTrue_'Exp'_0  
mse:0.39435648918151855, mae:0.4109516143798828, rse:0.5954700708389282, corr:[0.26537138 0.26391238 0.2664215  0.2642299  0.26231623 0.2589597
 0.25651184 0.25615704 0.2543384  0.25331485 0.25115317 0.25540942
 0.25521058 0.25294968 0.2534935  0.25431883 0.25270197 0.254671
 0.25033295 0.25317428 0.25265214 0.25194398 0.25544488 0.25689444
 0.25576085 0.2569684  0.25520527 0.25370327 0.25250876 0.25263035
 0.24961762 0.25149524 0.24717267 0.24824469 0.24819204 0.24786128
 0.25110498 0.24907993 0.25030044 0.24795079 0.24959193 0.24864408
 0.24899912 0.24913499 0.24903041 0.25007054 0.25008458 0.2525992
 0.25450814 0.25288212 0.25032452 0.24689342 0.24420619 0.24445544
 0.24302834 0.24396093 0.24458376 0.24494185 0.2428858  0.24459346
 0.24066588 0.2406912  0.24486181 0.24507944 0.24324864 0.24264492
 0.24103183 0.24407499 0.2422444  0.24278331 0.24173383 0.24465452
 0.24154997 0.23965906 0.2414301  0.24004388 0.2379288  0.23705259
 0.23702571 0.23686093 0.23676126 0.23655242 0.23829348 0.23900189
 0.23885463 0.2362622  0.24036336 0.23800083 0.23840564 0.23786071
 0.23818637 0.23873119 0.23650257 0.23794591 0.23801364 0.23947363]

ETTh1_336'_'96_DLinear_ETTh1_ftM_sl96_ll48_pl96_dm512_nh8_el2_dl1_df2048_fc1_ebtimeF_dtTrue_'Exp'_0  
mse:0.38738879561424255, mae:0.4003600776195526, rse:0.5911902785301208, corr:[0.2720827  0.27096814 0.27298442 0.27142414 0.27047694 0.26756683
 0.26503113 0.2656499  0.26539606 0.26548687 0.26450852 0.26538974
 0.26553863 0.26490316 0.2645699  0.26479998 0.2647521  0.2652087
 0.26396528 0.26416627 0.26444    0.26436806 0.265413   0.26553145
 0.26393786 0.26385272 0.26383162 0.26254472 0.26252854 0.26224786
 0.2610773  0.2619438  0.26060215 0.2612584  0.2614158  0.26038343
 0.2617107  0.26032516 0.2599197  0.26058474 0.26094866 0.26070604
 0.26193523 0.2613783  0.2617015  0.26162532 0.26172775 0.2620923
 0.26291537 0.26143906 0.26026917 0.2584013  0.2572304  0.25692308
 0.25595292 0.25573885 0.2552198  0.25507572 0.2550595  0.25490093
 0.25406742 0.25410816 0.25436297 0.2536827  0.25384673 0.254014
 0.25401002 0.25450268 0.254453   0.25475276 0.25413758 0.25553095
 0.25371328 0.25186944 0.2518671  0.25088015 0.25036347 0.24978001
 0.24980347 0.24910152 0.24839504 0.2487803  0.24895208 0.24874383
 0.24876536 0.24837273 0.24891216 0.24863052 0.2482341  0.2480135
 0.24851842 0.24880266 0.24839044 0.24854998 0.24870461 0.24915545]

ETTh1_336'_'96_NLinear_ETTh1_ftM_sl96_ll48_pl96_dm512_nh8_el2_dl1_df2048_fc1_ebtimeF_dtTrue_'Exp'_0  
mse:0.3956242799758911, mae:0.4034843146800995, rse:0.5974412560462952, corr:[0.2707057  0.27018288 0.27190053 0.27032536 0.2698431  0.26645097
 0.26119858 0.2634089  0.2627644  0.26217163 0.25975832 0.26200822
 0.26184633 0.2627872  0.26314372 0.26346484 0.26366955 0.26304564
 0.26221594 0.26308858 0.2619924  0.26237163 0.2627577  0.26235753
 0.26204517 0.26241365 0.26259187 0.25959578 0.26123887 0.26031113
 0.2574031  0.2590482  0.25819293 0.25833353 0.2584163  0.25732502
 0.258461   0.2584251  0.2579037  0.25786683 0.25897872 0.25878128
 0.26089382 0.26010135 0.26069686 0.25977376 0.2597145  0.25985232
 0.26167086 0.26027757 0.25864533 0.25618216 0.2552914  0.2526884
 0.25201708 0.2527455  0.25229084 0.2524117  0.25139058 0.25304714
 0.24948804 0.2527664  0.25307286 0.25242898 0.25255856 0.25349352
 0.25344014 0.25361192 0.2535659  0.25312668 0.25307894 0.2546257
 0.25253084 0.25081334 0.2514273  0.25037983 0.24886099 0.24858585
 0.24677587 0.2468052  0.24644145 0.2463004  0.24615596 0.24715506
 0.24716    0.24640691 0.24809915 0.24691603 0.24609144 0.24636716
 0.24753858 0.24765502 0.24612124 0.24666168 0.24773996 0.2477444 ]

ETTh1_336'_'96_NLinear_ETTh1_ftM_sl96_ll48_pl96_dm512_nh8_el2_dl1_df2048_fc1_ebtimeF_dtTrue_'Exp'_0  
mse:0.3933624029159546, mae:0.40041378140449524, rse:0.5957310199737549, corr:[0.27237582 0.2712657  0.27310964 0.27172115 0.26921585 0.2651201
 0.26230198 0.26346445 0.26266864 0.262869   0.2624214  0.26422122
 0.26362032 0.26413295 0.26444483 0.26408908 0.26449162 0.26480764
 0.26589876 0.26555452 0.26551715 0.26521966 0.26461622 0.2654398
 0.2644755  0.2635252  0.26335675 0.26336503 0.26264876 0.26098245
 0.25940278 0.2589919  0.25824517 0.25827834 0.2596293  0.2601274
 0.2601917  0.25910664 0.25998062 0.26007003 0.25886014 0.2610371
 0.26233605 0.26164246 0.26204795 0.26195812 0.2618415  0.26201358
 0.26268083 0.26186362 0.2606056  0.25882283 0.25827414 0.25646895
 0.2544648  0.25391215 0.25455943 0.25306946 0.2525866  0.25319576
 0.25344056 0.2533813  0.25481734 0.25387985 0.25445247 0.25533447
 0.25618133 0.25579086 0.25577393 0.25485775 0.25447968 0.25516024
 0.25430515 0.25193518 0.2512243  0.25144717 0.25091618 0.2511089
 0.25015277 0.25035447 0.2500485  0.25017634 0.24985883 0.24959487
 0.24966323 0.24825746 0.24910043 0.24878325 0.248054   0.24869673
 0.24897268 0.24884929 0.24948965 0.24915957 0.2497022  0.24989861]

ETTh1_336'_'96_NLinear_ETTh1_ftM_sl96_ll48_pl96_dm512_nh8_el2_dl1_df2048_fc1_ebtimeF_dtTrue_'Exp'_0  
mse:0.3933624029159546, mae:0.40041378140449524, rse:0.5957310199737549, corr:[0.27237582 0.2712657  0.27310964 0.27172115 0.26921585 0.2651201
 0.26230198 0.26346445 0.26266864 0.262869   0.2624214  0.26422122
 0.26362032 0.26413295 0.26444483 0.26408908 0.26449162 0.26480764
 0.26589876 0.26555452 0.26551715 0.26521966 0.26461622 0.2654398
 0.2644755  0.2635252  0.26335675 0.26336503 0.26264876 0.26098245
 0.25940278 0.2589919  0.25824517 0.25827834 0.2596293  0.2601274
 0.2601917  0.25910664 0.25998062 0.26007003 0.25886014 0.2610371
 0.26233605 0.26164246 0.26204795 0.26195812 0.2618415  0.26201358
 0.26268083 0.26186362 0.2606056  0.25882283 0.25827414 0.25646895
 0.2544648  0.25391215 0.25455943 0.25306946 0.2525866  0.25319576
 0.25344056 0.2533813  0.25481734 0.25387985 0.25445247 0.25533447
 0.25618133 0.25579086 0.25577393 0.25485775 0.25447968 0.25516024
 0.25430515 0.25193518 0.2512243  0.25144717 0.25091618 0.2511089
 0.25015277 0.25035447 0.2500485  0.25017634 0.24985883 0.24959487
 0.24966323 0.24825746 0.24910043 0.24878325 0.248054   0.24869673
 0.24897268 0.24884929 0.24948965 0.24915957 0.2497022  0.24989861]

ETTh1_336'_'96_NLinear_ETTh1_ftM_sl96_ll48_pl96_dm512_nh8_el2_dl1_df2048_fc1_ebtimeF_dtTrue_'Exp'_0  
mse:0.3933624029159546, mae:0.40041378140449524, rse:0.5957310199737549, corr:[0.27237582 0.2712657  0.27310964 0.27172115 0.26921585 0.2651201
 0.26230198 0.26346445 0.26266864 0.262869   0.2624214  0.26422122
 0.26362032 0.26413295 0.26444483 0.26408908 0.26449162 0.26480764
 0.26589876 0.26555452 0.26551715 0.26521966 0.26461622 0.2654398
 0.2644755  0.2635252  0.26335675 0.26336503 0.26264876 0.26098245
 0.25940278 0.2589919  0.25824517 0.25827834 0.2596293  0.2601274
 0.2601917  0.25910664 0.25998062 0.26007003 0.25886014 0.2610371
 0.26233605 0.26164246 0.26204795 0.26195812 0.2618415  0.26201358
 0.26268083 0.26186362 0.2606056  0.25882283 0.25827414 0.25646895
 0.2544648  0.25391215 0.25455943 0.25306946 0.2525866  0.25319576
 0.25344056 0.2533813  0.25481734 0.25387985 0.25445247 0.25533447
 0.25618133 0.25579086 0.25577393 0.25485775 0.25447968 0.25516024
 0.25430515 0.25193518 0.2512243  0.25144717 0.25091618 0.2511089
 0.25015277 0.25035447 0.2500485  0.25017634 0.24985883 0.24959487
 0.24966323 0.24825746 0.24910043 0.24878325 0.248054   0.24869673
 0.24897268 0.24884929 0.24948965 0.24915957 0.2497022  0.24989861]

ETTh1_336'_'96_NLinear_ETTh1_ftM_sl96_ll48_pl96_dm512_nh8_el2_dl1_df2048_fc1_ebtimeF_dtTrue_'Exp'_0  
mse:0.3933624029159546, mae:0.40041378140449524, rse:0.5957310199737549, corr:[0.27237582 0.2712657  0.27310964 0.27172115 0.26921585 0.2651201
 0.26230198 0.26346445 0.26266864 0.262869   0.2624214  0.26422122
 0.26362032 0.26413295 0.26444483 0.26408908 0.26449162 0.26480764
 0.26589876 0.26555452 0.26551715 0.26521966 0.26461622 0.2654398
 0.2644755  0.2635252  0.26335675 0.26336503 0.26264876 0.26098245
 0.25940278 0.2589919  0.25824517 0.25827834 0.2596293  0.2601274
 0.2601917  0.25910664 0.25998062 0.26007003 0.25886014 0.2610371
 0.26233605 0.26164246 0.26204795 0.26195812 0.2618415  0.26201358
 0.26268083 0.26186362 0.2606056  0.25882283 0.25827414 0.25646895
 0.2544648  0.25391215 0.25455943 0.25306946 0.2525866  0.25319576
 0.25344056 0.2533813  0.25481734 0.25387985 0.25445247 0.25533447
 0.25618133 0.25579086 0.25577393 0.25485775 0.25447968 0.25516024
 0.25430515 0.25193518 0.2512243  0.25144717 0.25091618 0.2511089
 0.25015277 0.25035447 0.2500485  0.25017634 0.24985883 0.24959487
 0.24966323 0.24825746 0.24910043 0.24878325 0.248054   0.24869673
 0.24897268 0.24884929 0.24948965 0.24915957 0.2497022  0.24989861]

ETTh1_336'_'96_NLinear_ETTh1_ftM_sl96_ll48_pl96_dm512_nh8_el2_dl1_df2048_fc1_ebtimeF_dtTrue_'Exp'_0  
mse:0.3933624029159546, mae:0.40041378140449524, rse:0.5957310199737549, corr:[0.27237582 0.2712657  0.27310964 0.27172115 0.26921585 0.2651201
 0.26230198 0.26346445 0.26266864 0.262869   0.2624214  0.26422122
 0.26362032 0.26413295 0.26444483 0.26408908 0.26449162 0.26480764
 0.26589876 0.26555452 0.26551715 0.26521966 0.26461622 0.2654398
 0.2644755  0.2635252  0.26335675 0.26336503 0.26264876 0.26098245
 0.25940278 0.2589919  0.25824517 0.25827834 0.2596293  0.2601274
 0.2601917  0.25910664 0.25998062 0.26007003 0.25886014 0.2610371
 0.26233605 0.26164246 0.26204795 0.26195812 0.2618415  0.26201358
 0.26268083 0.26186362 0.2606056  0.25882283 0.25827414 0.25646895
 0.2544648  0.25391215 0.25455943 0.25306946 0.2525866  0.25319576
 0.25344056 0.2533813  0.25481734 0.25387985 0.25445247 0.25533447
 0.25618133 0.25579086 0.25577393 0.25485775 0.25447968 0.25516024
 0.25430515 0.25193518 0.2512243  0.25144717 0.25091618 0.2511089
 0.25015277 0.25035447 0.2500485  0.25017634 0.24985883 0.24959487
 0.24966323 0.24825746 0.24910043 0.24878325 0.248054   0.24869673
 0.24897268 0.24884929 0.24948965 0.24915957 0.2497022  0.24989861]

ETTh1_336'_'96_NLinear_ETTh1_ftM_sl96_ll48_pl96_dm512_nh8_el2_dl1_df2048_fc1_ebtimeF_dtTrue_'Exp'_0  
mse:0.3933624029159546, mae:0.40041378140449524, rse:0.5957310199737549, corr:[0.27237582 0.2712657  0.27310964 0.27172115 0.26921585 0.2651201
 0.26230198 0.26346445 0.26266864 0.262869   0.2624214  0.26422122
 0.26362032 0.26413295 0.26444483 0.26408908 0.26449162 0.26480764
 0.26589876 0.26555452 0.26551715 0.26521966 0.26461622 0.2654398
 0.2644755  0.2635252  0.26335675 0.26336503 0.26264876 0.26098245
 0.25940278 0.2589919  0.25824517 0.25827834 0.2596293  0.2601274
 0.2601917  0.25910664 0.25998062 0.26007003 0.25886014 0.2610371
 0.26233605 0.26164246 0.26204795 0.26195812 0.2618415  0.26201358
 0.26268083 0.26186362 0.2606056  0.25882283 0.25827414 0.25646895
 0.2544648  0.25391215 0.25455943 0.25306946 0.2525866  0.25319576
 0.25344056 0.2533813  0.25481734 0.25387985 0.25445247 0.25533447
 0.25618133 0.25579086 0.25577393 0.25485775 0.25447968 0.25516024
 0.25430515 0.25193518 0.2512243  0.25144717 0.25091618 0.2511089
 0.25015277 0.25035447 0.2500485  0.25017634 0.24985883 0.24959487
 0.24966323 0.24825746 0.24910043 0.24878325 0.248054   0.24869673
 0.24897268 0.24884929 0.24948965 0.24915957 0.2497022  0.24989861]

ETTh1_336'_'96_NLinear_ETTh1_ftM_sl96_ll48_pl96_dm512_nh8_el2_dl1_df2048_fc1_ebtimeF_dtTrue_'Exp'_0  
mse:0.3933624029159546, mae:0.40041378140449524, rse:0.5957310199737549, corr:[0.27237582 0.2712657  0.27310964 0.27172115 0.26921585 0.2651201
 0.26230198 0.26346445 0.26266864 0.262869   0.2624214  0.26422122
 0.26362032 0.26413295 0.26444483 0.26408908 0.26449162 0.26480764
 0.26589876 0.26555452 0.26551715 0.26521966 0.26461622 0.2654398
 0.2644755  0.2635252  0.26335675 0.26336503 0.26264876 0.26098245
 0.25940278 0.2589919  0.25824517 0.25827834 0.2596293  0.2601274
 0.2601917  0.25910664 0.25998062 0.26007003 0.25886014 0.2610371
 0.26233605 0.26164246 0.26204795 0.26195812 0.2618415  0.26201358
 0.26268083 0.26186362 0.2606056  0.25882283 0.25827414 0.25646895
 0.2544648  0.25391215 0.25455943 0.25306946 0.2525866  0.25319576
 0.25344056 0.2533813  0.25481734 0.25387985 0.25445247 0.25533447
 0.25618133 0.25579086 0.25577393 0.25485775 0.25447968 0.25516024
 0.25430515 0.25193518 0.2512243  0.25144717 0.25091618 0.2511089
 0.25015277 0.25035447 0.2500485  0.25017634 0.24985883 0.24959487
 0.24966323 0.24825746 0.24910043 0.24878325 0.248054   0.24869673
 0.24897268 0.24884929 0.24948965 0.24915957 0.2497022  0.24989861]

ETTh1_336'_'96_NLinear_ETTh1_ftM_sl96_ll48_pl96_dm512_nh8_el2_dl1_df2048_fc1_ebtimeF_dtTrue_'Exp'_0  
mse:0.3933624029159546, mae:0.40041378140449524, rse:0.5957310199737549, corr:[0.27237582 0.2712657  0.27310964 0.27172115 0.26921585 0.2651201
 0.26230198 0.26346445 0.26266864 0.262869   0.2624214  0.26422122
 0.26362032 0.26413295 0.26444483 0.26408908 0.26449162 0.26480764
 0.26589876 0.26555452 0.26551715 0.26521966 0.26461622 0.2654398
 0.2644755  0.2635252  0.26335675 0.26336503 0.26264876 0.26098245
 0.25940278 0.2589919  0.25824517 0.25827834 0.2596293  0.2601274
 0.2601917  0.25910664 0.25998062 0.26007003 0.25886014 0.2610371
 0.26233605 0.26164246 0.26204795 0.26195812 0.2618415  0.26201358
 0.26268083 0.26186362 0.2606056  0.25882283 0.25827414 0.25646895
 0.2544648  0.25391215 0.25455943 0.25306946 0.2525866  0.25319576
 0.25344056 0.2533813  0.25481734 0.25387985 0.25445247 0.25533447
 0.25618133 0.25579086 0.25577393 0.25485775 0.25447968 0.25516024
 0.25430515 0.25193518 0.2512243  0.25144717 0.25091618 0.2511089
 0.25015277 0.25035447 0.2500485  0.25017634 0.24985883 0.24959487
 0.24966323 0.24825746 0.24910043 0.24878325 0.248054   0.24869673
 0.24897268 0.24884929 0.24948965 0.24915957 0.2497022  0.24989861]

ETTh1_336'_'96_NLinear_ETTh1_ftM_sl96_ll48_pl96_dm512_nh8_el2_dl1_df2048_fc1_ebtimeF_dtTrue_'Exp'_0  
mse:0.3933624029159546, mae:0.40041378140449524, rse:0.5957310199737549, corr:[0.27237582 0.2712657  0.27310964 0.27172115 0.26921585 0.2651201
 0.26230198 0.26346445 0.26266864 0.262869   0.2624214  0.26422122
 0.26362032 0.26413295 0.26444483 0.26408908 0.26449162 0.26480764
 0.26589876 0.26555452 0.26551715 0.26521966 0.26461622 0.2654398
 0.2644755  0.2635252  0.26335675 0.26336503 0.26264876 0.26098245
 0.25940278 0.2589919  0.25824517 0.25827834 0.2596293  0.2601274
 0.2601917  0.25910664 0.25998062 0.26007003 0.25886014 0.2610371
 0.26233605 0.26164246 0.26204795 0.26195812 0.2618415  0.26201358
 0.26268083 0.26186362 0.2606056  0.25882283 0.25827414 0.25646895
 0.2544648  0.25391215 0.25455943 0.25306946 0.2525866  0.25319576
 0.25344056 0.2533813  0.25481734 0.25387985 0.25445247 0.25533447
 0.25618133 0.25579086 0.25577393 0.25485775 0.25447968 0.25516024
 0.25430515 0.25193518 0.2512243  0.25144717 0.25091618 0.2511089
 0.25015277 0.25035447 0.2500485  0.25017634 0.24985883 0.24959487
 0.24966323 0.24825746 0.24910043 0.24878325 0.248054   0.24869673
 0.24897268 0.24884929 0.24948965 0.24915957 0.2497022  0.24989861]

ETTh1_336'_'96_NLinear_ETTh1_ftM_sl96_ll48_pl96_dm512_nh8_el2_dl1_df2048_fc1_ebtimeF_dtTrue_'Exp'_0  
mse:0.3933624029159546, mae:0.40041378140449524, rse:0.5957310199737549, corr:[0.27237582 0.2712657  0.27310964 0.27172115 0.26921585 0.2651201
 0.26230198 0.26346445 0.26266864 0.262869   0.2624214  0.26422122
 0.26362032 0.26413295 0.26444483 0.26408908 0.26449162 0.26480764
 0.26589876 0.26555452 0.26551715 0.26521966 0.26461622 0.2654398
 0.2644755  0.2635252  0.26335675 0.26336503 0.26264876 0.26098245
 0.25940278 0.2589919  0.25824517 0.25827834 0.2596293  0.2601274
 0.2601917  0.25910664 0.25998062 0.26007003 0.25886014 0.2610371
 0.26233605 0.26164246 0.26204795 0.26195812 0.2618415  0.26201358
 0.26268083 0.26186362 0.2606056  0.25882283 0.25827414 0.25646895
 0.2544648  0.25391215 0.25455943 0.25306946 0.2525866  0.25319576
 0.25344056 0.2533813  0.25481734 0.25387985 0.25445247 0.25533447
 0.25618133 0.25579086 0.25577393 0.25485775 0.25447968 0.25516024
 0.25430515 0.25193518 0.2512243  0.25144717 0.25091618 0.2511089
 0.25015277 0.25035447 0.2500485  0.25017634 0.24985883 0.24959487
 0.24966323 0.24825746 0.24910043 0.24878325 0.248054   0.24869673
 0.24897268 0.24884929 0.24948965 0.24915957 0.2497022  0.24989861]

ETTh1_336'_'96_Linear_ETTh1_ftM_sl96_ll48_pl96_dm512_nh8_el2_dl1_df2048_fc1_ebtimeF_dtTrue_'Exp'_0  
mse:0.40028709173202515, mae:0.41518232226371765, rse:0.6009517312049866, corr:[0.2722611  0.27302358 0.2708368  0.2706031  0.26859996 0.266543
 0.26282486 0.26561677 0.26507002 0.26509753 0.26404402 0.26456994
 0.2640356  0.26333618 0.26380116 0.2636757  0.2623911  0.26233742
 0.26195347 0.2622008  0.260306   0.2614387  0.2629969  0.26338062
 0.26335743 0.26327893 0.2628346  0.26117107 0.26094234 0.26088822
 0.25712812 0.25738245 0.25909308 0.25905266 0.25874928 0.25612047
 0.25533307 0.25483653 0.2562145  0.25716752 0.25567234 0.2572886
 0.26036233 0.25953338 0.25896725 0.25998518 0.25935996 0.26027605
 0.260583   0.2605954  0.2594173  0.25726262 0.25647715 0.25163165
 0.25155318 0.25079778 0.25159073 0.25123426 0.252079   0.2520072
 0.2506782  0.24995181 0.25146982 0.2509117  0.25261235 0.25424376
 0.25490174 0.25455555 0.25384495 0.2524292  0.25140515 0.2517956
 0.24939074 0.25030103 0.25169998 0.2503097  0.24903081 0.24871255
 0.2467879  0.24888307 0.24884404 0.24775682 0.24720596 0.24615045
 0.24590194 0.24561971 0.24853973 0.2469254  0.246088   0.2469257
 0.24844985 0.24779715 0.24753383 0.24699098 0.24647427 0.24657583]

ETTh1_336'_'96_Linear_ETTh1_ftM_sl96_ll48_pl96_dm512_nh8_el2_dl1_df2048_fc1_ebtimeF_dtTrue_'Exp'_0  
mse:0.40028709173202515, mae:0.41518232226371765, rse:0.6009517312049866, corr:[0.2722611  0.27302358 0.2708368  0.2706031  0.26859996 0.266543
 0.26282486 0.26561677 0.26507002 0.26509753 0.26404402 0.26456994
 0.2640356  0.26333618 0.26380116 0.2636757  0.2623911  0.26233742
 0.26195347 0.2622008  0.260306   0.2614387  0.2629969  0.26338062
 0.26335743 0.26327893 0.2628346  0.26117107 0.26094234 0.26088822
 0.25712812 0.25738245 0.25909308 0.25905266 0.25874928 0.25612047
 0.25533307 0.25483653 0.2562145  0.25716752 0.25567234 0.2572886
 0.26036233 0.25953338 0.25896725 0.25998518 0.25935996 0.26027605
 0.260583   0.2605954  0.2594173  0.25726262 0.25647715 0.25163165
 0.25155318 0.25079778 0.25159073 0.25123426 0.252079   0.2520072
 0.2506782  0.24995181 0.25146982 0.2509117  0.25261235 0.25424376
 0.25490174 0.25455555 0.25384495 0.2524292  0.25140515 0.2517956
 0.24939074 0.25030103 0.25169998 0.2503097  0.24903081 0.24871255
 0.2467879  0.24888307 0.24884404 0.24775682 0.24720596 0.24615045
 0.24590194 0.24561971 0.24853973 0.2469254  0.246088   0.2469257
 0.24844985 0.24779715 0.24753383 0.24699098 0.24647427 0.24657583]

ETTh1_336'_'96_Linear_ETTh1_ftM_sl96_ll48_pl96_dm512_nh8_el2_dl1_df2048_fc1_ebtimeF_dtTrue_'Exp'_0  
mse:0.40028709173202515, mae:0.41518232226371765, rse:0.6009517312049866, corr:[0.2722611  0.27302358 0.2708368  0.2706031  0.26859996 0.266543
 0.26282486 0.26561677 0.26507002 0.26509753 0.26404402 0.26456994
 0.2640356  0.26333618 0.26380116 0.2636757  0.2623911  0.26233742
 0.26195347 0.2622008  0.260306   0.2614387  0.2629969  0.26338062
 0.26335743 0.26327893 0.2628346  0.26117107 0.26094234 0.26088822
 0.25712812 0.25738245 0.25909308 0.25905266 0.25874928 0.25612047
 0.25533307 0.25483653 0.2562145  0.25716752 0.25567234 0.2572886
 0.26036233 0.25953338 0.25896725 0.25998518 0.25935996 0.26027605
 0.260583   0.2605954  0.2594173  0.25726262 0.25647715 0.25163165
 0.25155318 0.25079778 0.25159073 0.25123426 0.252079   0.2520072
 0.2506782  0.24995181 0.25146982 0.2509117  0.25261235 0.25424376
 0.25490174 0.25455555 0.25384495 0.2524292  0.25140515 0.2517956
 0.24939074 0.25030103 0.25169998 0.2503097  0.24903081 0.24871255
 0.2467879  0.24888307 0.24884404 0.24775682 0.24720596 0.24615045
 0.24590194 0.24561971 0.24853973 0.2469254  0.246088   0.2469257
 0.24844985 0.24779715 0.24753383 0.24699098 0.24647427 0.24657583]

ETTh1_336'_'96_Linear_ETTh1_ftM_sl96_ll48_pl96_dm512_nh8_el2_dl1_df2048_fc1_ebtimeF_dtTrue_'Exp'_0  
mse:0.40028709173202515, mae:0.41518232226371765, rse:0.6009517312049866, corr:[0.2722611  0.27302358 0.2708368  0.2706031  0.26859996 0.266543
 0.26282486 0.26561677 0.26507002 0.26509753 0.26404402 0.26456994
 0.2640356  0.26333618 0.26380116 0.2636757  0.2623911  0.26233742
 0.26195347 0.2622008  0.260306   0.2614387  0.2629969  0.26338062
 0.26335743 0.26327893 0.2628346  0.26117107 0.26094234 0.26088822
 0.25712812 0.25738245 0.25909308 0.25905266 0.25874928 0.25612047
 0.25533307 0.25483653 0.2562145  0.25716752 0.25567234 0.2572886
 0.26036233 0.25953338 0.25896725 0.25998518 0.25935996 0.26027605
 0.260583   0.2605954  0.2594173  0.25726262 0.25647715 0.25163165
 0.25155318 0.25079778 0.25159073 0.25123426 0.252079   0.2520072
 0.2506782  0.24995181 0.25146982 0.2509117  0.25261235 0.25424376
 0.25490174 0.25455555 0.25384495 0.2524292  0.25140515 0.2517956
 0.24939074 0.25030103 0.25169998 0.2503097  0.24903081 0.24871255
 0.2467879  0.24888307 0.24884404 0.24775682 0.24720596 0.24615045
 0.24590194 0.24561971 0.24853973 0.2469254  0.246088   0.2469257
 0.24844985 0.24779715 0.24753383 0.24699098 0.24647427 0.24657583]

ETTh1_336'_'96_Linear_ETTh1_ftM_sl96_ll48_pl96_dm512_nh8_el2_dl1_df2048_fc1_ebtimeF_dtTrue_'Exp'_0  
mse:0.40028709173202515, mae:0.41518232226371765, rse:0.6009517312049866, corr:[0.2722611  0.27302358 0.2708368  0.2706031  0.26859996 0.266543
 0.26282486 0.26561677 0.26507002 0.26509753 0.26404402 0.26456994
 0.2640356  0.26333618 0.26380116 0.2636757  0.2623911  0.26233742
 0.26195347 0.2622008  0.260306   0.2614387  0.2629969  0.26338062
 0.26335743 0.26327893 0.2628346  0.26117107 0.26094234 0.26088822
 0.25712812 0.25738245 0.25909308 0.25905266 0.25874928 0.25612047
 0.25533307 0.25483653 0.2562145  0.25716752 0.25567234 0.2572886
 0.26036233 0.25953338 0.25896725 0.25998518 0.25935996 0.26027605
 0.260583   0.2605954  0.2594173  0.25726262 0.25647715 0.25163165
 0.25155318 0.25079778 0.25159073 0.25123426 0.252079   0.2520072
 0.2506782  0.24995181 0.25146982 0.2509117  0.25261235 0.25424376
 0.25490174 0.25455555 0.25384495 0.2524292  0.25140515 0.2517956
 0.24939074 0.25030103 0.25169998 0.2503097  0.24903081 0.24871255
 0.2467879  0.24888307 0.24884404 0.24775682 0.24720596 0.24615045
 0.24590194 0.24561971 0.24853973 0.2469254  0.246088   0.2469257
 0.24844985 0.24779715 0.24753383 0.24699098 0.24647427 0.24657583]

windpower_96_n'_'96_Linear_custom_ftM_sl96_ll48_pl96_dm512_nh8_el2_dl1_df2048_fc1_ebtimeF_dtTrue_'Exp'_0  
mse:0.7630982995033264, mae:0.511934757232666, rse:0.7641743421554565, corr:[0.2677843  0.26230752 0.25663114 0.25095442 0.2454459  0.24028595
 0.23498471 0.23025507 0.22515318 0.22050326 0.21637039 0.21260606
 0.20897198 0.20566133 0.20177428 0.19811025 0.1942235  0.18967254
 0.18538475 0.18032853 0.17574151 0.17151052 0.16731615 0.16289856
 0.15892193 0.1555277  0.1518349  0.14785206 0.14426263 0.14266242
 0.1404369  0.13923985 0.13755001 0.13573399 0.13490437 0.13402134
 0.1335928  0.13257466 0.13170354 0.130523   0.12973379 0.12962066
 0.12917785 0.12902018 0.12840657 0.12840638 0.12814131 0.12703739
 0.12643184 0.1260131  0.12531252 0.12465335 0.1241927  0.12349305
 0.12334172 0.12288058 0.12243111 0.12210482 0.12195373 0.12194714
 0.12160946 0.12168178 0.12163834 0.12161811 0.12182319 0.12210616
 0.12246048 0.1229551  0.123526   0.12424133 0.12475257 0.1255257
 0.12563983 0.12640029 0.12694985 0.12740017 0.12807934 0.12949246
 0.1303386  0.13114159 0.13174847 0.1324246  0.13310687 0.13369389
 0.13474037 0.1357413  0.13599366 0.13674802 0.13733733 0.13777097
 0.13830951 0.13917825 0.1399441  0.14026137 0.14008293 0.1393393 ]

windpower_96_n'_'96_DLinear_custom_ftM_sl96_ll48_pl96_dm512_nh8_el2_dl1_df2048_fc1_ebtimeF_dtTrue_'Exp'_0  
mse:0.7623888254165649, mae:0.5148712396621704, rse:0.7638189792633057, corr:[0.26691443 0.26245368 0.25686646 0.25044805 0.24458556 0.23967713
 0.2345422  0.22929534 0.2251203  0.22088248 0.21701467 0.2132737
 0.20965633 0.20622596 0.20285669 0.1988548  0.1952053  0.19102648
 0.18663727 0.1824507  0.1781453  0.17404158 0.16911581 0.16528526
 0.16100408 0.15684856 0.15433876 0.1503662  0.146711   0.14561288
 0.14437017 0.14251731 0.14063194 0.13837357 0.13637954 0.13595638
 0.13455933 0.13383898 0.13301231 0.13217548 0.13206868 0.1312766
 0.13056633 0.12952243 0.12909916 0.12939684 0.12888865 0.12803732
 0.12707295 0.1265586  0.12537433 0.12446591 0.12387139 0.12388837
 0.1255153  0.12491786 0.12524855 0.12456036 0.12507255 0.12514293
 0.12534721 0.12540379 0.12489255 0.12499255 0.12461019 0.1246302
 0.12506919 0.12479816 0.12518606 0.12611598 0.12638497 0.12758566
 0.12524165 0.12545463 0.12548177 0.12649792 0.12766789 0.12929188
 0.12968239 0.13041878 0.13147019 0.13212727 0.13364169 0.13463865
 0.13486534 0.13502562 0.13578834 0.13756584 0.13884571 0.13876937
 0.13814595 0.13879089 0.13916416 0.14039123 0.14024338 0.13958345]

windpower_96_n'_'96_DLinear_custom_ftM_sl96_ll48_pl12_dm512_nh8_el2_dl1_df2048_fc1_ebtimeF_dtTrue_'Exp'_0  
mse:0.28408029675483704, mae:0.22374825179576874, rse:0.4657033085823059, corr:[0.2742253  0.26878756 0.26284814 0.25679404 0.2512436  0.24596033
 0.2406307  0.23532592 0.23006879 0.22495371 0.22041056 0.2161608 ]

windpower_96_n'_'96_DLinear_custom_ftM_sl96_ll48_pl24_dm512_nh8_el2_dl1_df2048_fc1_ebtimeF_dtTrue_'Exp'_0  
mse:0.44898590445518494, mae:0.3247338831424713, rse:0.585496187210083, corr:[0.2740367  0.26873234 0.26274073 0.25659457 0.25106886 0.245651
 0.24027437 0.23499373 0.22979246 0.22471261 0.22009666 0.21579947
 0.2119673  0.20825545 0.20467322 0.20091504 0.19708951 0.19294012
 0.18838602 0.18382694 0.17938352 0.17465329 0.17010812 0.16565745]

windpower_96_n'_'96_DLinear_custom_ftM_sl96_ll48_pl24_dm512_nh8_el2_dl1_df2048_fc1_ebtimeF_dtTrue_'Exp'_0  
mse:0.44898590445518494, mae:0.3247338831424713, rse:0.585496187210083, corr:[0.2740367  0.26873234 0.26274073 0.25659457 0.25106886 0.245651
 0.24027437 0.23499373 0.22979246 0.22471261 0.22009666 0.21579947
 0.2119673  0.20825545 0.20467322 0.20091504 0.19708951 0.19294012
 0.18838602 0.18382694 0.17938352 0.17465329 0.17010812 0.16565745]

